1 1.0
2 1.0
3 0.06666666666666667
4 0.25
5 0.5
6 0.2
7 1.0
8 0.25
9 0.25
10 1.0
11 1.0
12 1.0
13 1.0
14 0.125
15 0.5
16 0.1
17 0.3333333333333333
18 0.125
19 1.0
20 1.0
21 0.1111111111111111
22 0.5
23 1.0
24 1.0
25 1.0
26 0.5
27 1.0
28 1.0
29 0.16666666666666666
30 1.0
31 0.5
32 1.0
33 0.058823529411764705
36 0.25
37 1.0
38 0.5
39 0.5
40 0.5
42 0.14285714285714285
43 1.0
44 1.0
45 1.0
46 0.058823529411764705
47 0.08333333333333333
48 0.14285714285714285
49 1.0
50 0.037037037037037035
57 1.0
58 0.3333333333333333
59 1.0
60 0.3333333333333333
61 1.0
62 0.023809523809523808
63 1.0
64 0.14285714285714285
1 1.0
2 1.0
3 0.06666666666666667
4 0.2
5 0.5
6 0.2
7 1.0
8 0.25
9 0.25
10 1.0
11 1.0
12 1.0
13 1.0
14 0.125
15 0.5
16 0.1
17 0.3333333333333333
18 0.125
19 1.0
20 1.0
21 0.1
22 0.5
23 1.0
24 1.0
25 1.0
26 0.25
27 1.0
28 1.0
29 0.16666666666666666
30 1.0
31 0.5
32 1.0
33 0.058823529411764705
36 0.25
37 1.0
38 0.5
39 0.5
40 0.5
41 0.0136986301369863
42 0.14285714285714285
43 1.0
44 1.0
45 1.0
46 0.058823529411764705
47 0.08333333333333333
48 0.14285714285714285
49 1.0
50 0.037037037037037035
57 1.0
58 0.3333333333333333
59 1.0
60 0.3333333333333333
61 1.0
62 0.023809523809523808
63 1.0
64 0.1
