1 0.5
2 1.0
3 0.038461538461538464
4 0.3333333333333333
5 1.0
6 1.0
7 1.0
8 1.0
9 0.25
10 1.0
11 1.0
12 1.0
13 1.0
14 1.0
15 0.125
16 0.25
17 1.0
18 0.2
19 1.0
20 1.0
21 0.25
22 0.3333333333333333
23 1.0
24 0.3333333333333333
25 1.0
26 0.3333333333333333
27 1.0
28 1.0
29 0.3333333333333333
30 0.25
31 0.3333333333333333
32 0.5
33 0.05555555555555555
36 0.25
37 1.0
38 1.0
39 1.0
40 0.5
42 0.14285714285714285
43 1.0
44 1.0
45 1.0
46 0.09090909090909091
47 0.05
48 0.5
49 0.5
50 0.037037037037037035
55 0.018867924528301886
57 1.0
58 0.5
59 1.0
60 1.0
61 1.0
62 0.02040816326530612
63 1.0
64 1.0
