1 0.3333333333333333
2 1.0
3 0.045454545454545456
4 0.3333333333333333
5 1.0
6 0.5
7 1.0
8 1.0
9 0.5
10 1.0
11 1.0
12 1.0
13 1.0
14 0.5
15 0.25
16 0.25
17 0.25
18 0.14285714285714285
19 1.0
20 1.0
21 0.14285714285714285
22 0.5
23 1.0
24 1.0
25 1.0
26 0.25
27 1.0
28 1.0
29 0.25
30 0.04
31 1.0
32 1.0
36 0.5
37 1.0
38 1.0
39 0.5
40 0.5
42 0.14285714285714285
43 0.16666666666666666
44 1.0
45 1.0
46 0.09090909090909091
47 0.09090909090909091
48 0.07142857142857142
49 0.06666666666666667
50 0.08333333333333333
55 0.03571428571428571
57 1.0
58 1.0
59 0.5
60 0.3333333333333333
61 1.0
62 0.07142857142857142
63 1.0
64 1.0
