1 1.0
2 1.0
3 0.125
4 0.5
5 0.5
6 0.25
7 1.0
8 0.25
9 0.25
10 1.0
11 1.0
12 1.0
13 1.0
14 0.07692307692307693
15 1.0
16 0.058823529411764705
17 0.5
18 0.16666666666666666
19 1.0
20 1.0
21 0.1111111111111111
22 0.5
23 1.0
24 1.0
25 1.0
26 0.5
27 1.0
28 1.0
29 0.16666666666666666
30 1.0
31 1.0
32 1.0
33 0.07142857142857142
36 0.3333333333333333
37 0.3333333333333333
38 0.5
39 1.0
40 1.0
42 0.16666666666666666
43 1.0
44 1.0
45 1.0
46 0.047619047619047616
47 0.14285714285714285
48 0.3333333333333333
49 1.0
50 0.06666666666666667
57 1.0
58 1.0
59 0.5
60 0.3333333333333333
61 1.0
62 0.05
63 1.0
64 0.25
