1 0.05555555555555555
2 0.2
3 0.034482758620689655
4 0.5
5 0.5
6 0.25
7 1.0
8 0.25
9 0.25
10 0.5
11 1.0
12 1.0
13 0.25
14 1.0
15 0.25
16 0.5
17 0.1
18 0.1111111111111111
19 1.0
20 0.1111111111111111
21 1.0
22 0.5
23 1.0
24 1.0
25 1.0
26 0.04
27 1.0
28 1.0
29 0.5
30 0.1111111111111111
31 1.0
32 1.0
33 0.25
36 0.5
37 1.0
38 1.0
39 1.0
40 0.25
42 0.3333333333333333
43 0.14285714285714285
44 1.0
45 0.3333333333333333
46 0.1
47 0.1111111111111111
48 0.25
49 0.041666666666666664
50 0.08333333333333333
55 0.045454545454545456
57 0.3333333333333333
58 1.0
59 0.2
60 0.3333333333333333
61 1.0
62 0.25
63 1.0
64 0.125
