1 0.05555555555555555
2 1.0
3 0.022222222222222223
4 1.0
5 0.3333333333333333
6 0.25
7 1.0
8 0.16666666666666666
9 0.3333333333333333
10 0.5
11 1.0
12 1.0
13 0.3333333333333333
14 1.0
15 0.3333333333333333
16 0.09090909090909091
17 0.1111111111111111
18 0.09090909090909091
19 1.0
20 0.2
21 1.0
22 1.0
23 1.0
24 1.0
25 1.0
26 0.03225806451612903
27 1.0
28 1.0
29 0.3333333333333333
30 0.3333333333333333
31 1.0
32 1.0
33 0.2
36 1.0
37 0.5
38 0.5
39 0.5
40 0.16666666666666666
42 0.3333333333333333
43 0.3333333333333333
44 1.0
45 0.5
46 0.0625
47 0.1
48 0.14285714285714285
49 0.0625
50 0.1
57 0.3333333333333333
58 1.0
59 0.3333333333333333
60 0.3333333333333333
61 1.0
62 0.3333333333333333
63 1.0
64 0.2
