1 0.5
2 1.0
3 0.09090909090909091
4 0.3333333333333333
5 1.0
6 0.5
7 1.0
8 1.0
9 0.5
10 1.0
11 1.0
12 1.0
13 1.0
14 0.1111111111111111
15 0.25
16 0.125
17 0.2
18 0.14285714285714285
19 1.0
20 1.0
21 0.16666666666666666
22 0.5
23 1.0
24 1.0
25 1.0
26 0.14285714285714285
27 1.0
28 1.0
29 0.25
30 1.0
31 1.0
32 1.0
33 0.08333333333333333
36 1.0
37 1.0
38 0.5
39 0.5
40 0.3333333333333333
42 0.16666666666666666
43 0.16666666666666666
44 1.0
45 0.5
46 0.07142857142857142
47 0.1
48 1.0
49 0.1
50 0.08333333333333333
54 0.017857142857142856
57 1.0
58 1.0
59 0.5
60 0.5
61 1.0
62 0.125
63 1.0
64 1.0
